world: 1a4ca1f4-def8-4a46-ab0b-3a632966bd0d
world-name: conciertos
x: -245.48828366509613
y: 4.0
z: -83.58459583551017
yaw: 179.99862670898438
pitch: -2.2499938011169434
name: conciertos
lastowner: 0ca63922-b5d5-36c7-8892-10e0fdcb3da5
