world: c1473c7d-f60f-4702-abb3-dcae7157033f
world-name: Lobby
x: 71.99702700309327
y: 99.0
z: 83.0265883014935
yaw: -179.40835571289062
pitch: -5.699983596801758
name: crates
lastowner: 0ca63922-b5d5-36c7-8892-10e0fdcb3da5
