world: c1473c7d-f60f-4702-abb3-dcae7157033f
world-name: Lobby
x: -46.774922985082576
y: 134.0
z: 115.51680897675699
yaw: 90.83306884765625
pitch: 3.00002384185791
name: parkour
lastowner: 0ca63922-b5d5-36c7-8892-10e0fdcb3da5
