world: c1473c7d-f60f-4702-abb3-dcae7157033f
world-name: Lobby
x: -100.79787123995398
y: 101.0
z: 56.97170477075005
yaw: -44.70564651489258
pitch: 3.150158405303955
name: piñata
lastowner: 0ca63922-b5d5-36c7-8892-10e0fdcb3da5
