health: 25.720972061157227
hunger: 6
exp: 0.46153843
exp-level: 3
