health: 24.799999237060547
hunger: 19
exp: 0.14285715
exp-level: 0
